[gd_scene load_steps=10 format=3 uid="uid://dutx0ng68sdob"]

[ext_resource type="PackedScene" uid="uid://cion01asiks4" path="res://models/enemys/alien1/alien1.glb" id="1_smo6p"]

[sub_resource type="AnimationNodeAnimation" id="AnimationNodeAnimation_j4qsr"]
animation = &"Attack"

[sub_resource type="AnimationNodeAnimation" id="AnimationNodeAnimation_ixn1d"]
animation = &"Death"

[sub_resource type="AnimationNodeAnimation" id="AnimationNodeAnimation_i7eh5"]
animation = &"Idle"

[sub_resource type="AnimationNodeAnimation" id="AnimationNodeAnimation_dudhp"]
animation = &"Run"

[sub_resource type="AnimationNodeBlend2" id="AnimationNodeBlend2_dl8uh"]

[sub_resource type="AnimationNodeBlend2" id="AnimationNodeBlend2_g42jj"]

[sub_resource type="AnimationNodeBlend2" id="AnimationNodeBlend2_mxba2"]

[sub_resource type="AnimationNodeBlendTree" id="AnimationNodeBlendTree_xrcnq"]
graph_offset = Vector2(-86.94, 17.922)
nodes/AnimAttack/node = SubResource("AnimationNodeAnimation_j4qsr")
nodes/AnimAttack/position = Vector2(461.772, 240)
nodes/AnimDeath/node = SubResource("AnimationNodeAnimation_ixn1d")
nodes/AnimDeath/position = Vector2(800, 280)
nodes/AnimIdle/node = SubResource("AnimationNodeAnimation_i7eh5")
nodes/AnimIdle/position = Vector2(80, 60)
nodes/AnimRun/node = SubResource("AnimationNodeAnimation_dudhp")
nodes/AnimRun/position = Vector2(20, 240)
nodes/AttackBlend/node = SubResource("AnimationNodeBlend2_dl8uh")
nodes/AttackBlend/position = Vector2(641.772, 140)
nodes/DeathBlend/node = SubResource("AnimationNodeBlend2_g42jj")
nodes/DeathBlend/position = Vector2(920, 80)
nodes/RunBlend/node = SubResource("AnimationNodeBlend2_mxba2")
nodes/RunBlend/position = Vector2(300, 140)
nodes/output/position = Vector2(1080, 200)
node_connections = [&"AttackBlend", 0, &"RunBlend", &"AttackBlend", 1, &"AnimAttack", &"DeathBlend", 0, &"AttackBlend", &"DeathBlend", 1, &"AnimDeath", &"RunBlend", 0, &"AnimIdle", &"RunBlend", 1, &"AnimRun", &"output", 0, &"DeathBlend"]

[node name="alien1" instance=ExtResource("1_smo6p")]
transform = Transform3D(0, 0, -1, 0, 1, 0, 1, 0, 0, 0.2, 0, 0)

[node name="Armature" parent="." index="0"]
transform = Transform3D(-5.70222e-08, 0, 0.35, 0, 0.35, 0, -0.35, 0, -5.70222e-08, 0.0213032, 0, 0.233239)

[node name="Skeleton3D" parent="Armature" index="0"]
animate_physical_bones = false
bones/0/rest = Transform3D(0.0396798, 0.985104, 0.167319, -0.765797, 0.137546, -0.628201, -0.641857, -0.103206, 0.759847, -0.00424653, 1.69564, 0.230582)
bones/0/position = Vector3(-0.5528, 2.4642, -0.0498204)
bones/0/rotation = Quaternion(0.0357645, 0.00135484, -0.204539, 0.978204)
bones/0/scale = Vector3(1, 1, 1)
bones/1/rest = Transform3D(0.971408, -0.229435, 0.0610349, 0.171527, 0.855978, 0.487729, -0.164146, -0.463315, 0.870859, 1.07197, -0.443115, 0.551078)
bones/1/position = Vector3(1.04707, -0.337596, 0.548422)
bones/1/rotation = Quaternion(-0.312039, -0.00311806, 0.326046, 0.892365)
bones/1/scale = Vector3(1, 1, 1)
bones/2/rest = Transform3D(0.918728, 0.386134, -0.0826943, -0.394086, 0.883181, -0.254336, -0.0251737, 0.266255, 0.963574, -0.291264, -0.666192, -0.200838)
bones/2/position = Vector3(-0.262466, -0.673219, -0.198739)
bones/2/rotation = Quaternion(0.135348, -0.0176877, -0.191551, 0.971945)
bones/2/scale = Vector3(1, 1, 1)
bones/3/rest = Transform3D(0.812135, 0.555357, 0.178926, -0.583005, 0.784616, 0.210909, -0.0232583, -0.275602, 0.960991, -0.432689, -0.716794, -0.0859263)
bones/3/rotation = Quaternion(0.0589922, 0.021446, -0.265894, 0.961956)
bones/4/rest = Transform3D(0.126064, 0.844726, 0.52014, -0.138623, -0.504178, 0.852401, 0.982289, -0.17956, 0.0535403, 0.00401029, 0.002193, -0.000114074)
bones/4/rotation = Quaternion(0.369457, 0.534018, 0.394847, -0.649941)
bones/4/scale = Vector3(1, 1, 1)
bones/5/rest = Transform3D(0.994857, 0.100998, 0.0077206, -0.101292, 0.991982, 0.0755714, -2.61671e-05, -0.0759647, 0.997111, 0.275594, 0.863905, 0.240766)
bones/5/rotation = Quaternion(-0.0379603, 0.00194059, -0.0506743, 0.997992)
bones/6/rest = Transform3D(0.998413, 0.0556014, 0.00893186, -0.0563089, 0.987854, 0.144823, -0.000771021, -0.145096, 0.989417, -0.40402, 0.734738, 0.300105)
bones/6/rotation = Quaternion(-0.0727011, 0.00243313, -0.028063, 0.996956)
bones/6/scale = Vector3(1, 1, 1)
bones/7/rest = Transform3D(0.827076, -0.407522, -0.387132, 0.298007, 0.901886, -0.312721, 0.47659, 0.143276, 0.867372, 0.956114, -0.389695, -0.382004)
bones/7/position = Vector3(0.963836, -0.453953, -0.382524)
bones/7/rotation = Quaternion(0.244882, 0.0381418, 0.283411, 0.926421)
bones/7/scale = Vector3(1, 1, 1)
bones/8/rest = Transform3D(0.887178, 0.242685, 0.392452, -0.0985688, 0.930562, -0.352618, -0.450776, 0.274151, 0.849495, -0.127064, -0.71205, 0.202273)
bones/8/rotation = Quaternion(-0.135221, 0.0139115, -0.0876259, 0.986835)
bones/8/scale = Vector3(1, 1, 1)
bones/9/rest = Transform3D(0.843212, 0.537066, 0.0235314, -0.534535, 0.842284, -0.0694929, -0.0571424, 0.0460189, 0.997305, -0.43108, -0.677971, 0.0968518)
bones/9/rotation = Quaternion(-0.0678438, -0.0187287, -0.276584, 0.958409)
bones/9/scale = Vector3(1, 1, 1)
bones/10/rest = Transform3D(0.169197, 0.821425, -0.54464, 0.0161069, -0.554838, -0.831802, -0.985451, 0.131966, -0.107108, -0.00412247, -0.00197596, -0.000101169)
bones/10/rotation = Quaternion(0.408586, 0.583422, -0.390281, 0.583401)
bones/10/scale = Vector3(1, 1, 1)
bones/11/rest = Transform3D(0.998712, -0.0125388, -0.0491645, 0.00879559, 0.997097, -0.075626, 0.0499701, 0.0750961, 0.995923, 0.311259, 0.863905, -0.192452)
bones/11/rotation = Quaternion(0.0377195, -0.0248093, 0.00533911, 0.998966)
bones/12/rest = Transform3D(0.996319, -0.0455782, -0.0726059, 0.0348537, 0.989157, -0.142669, 0.0783212, 0.139613, 0.987104, -0.3495, 0.734738, -0.362139)
bones/12/rotation = Quaternion(0.0708136, -0.0378618, 0.0201773, 0.996567)
bones/12/scale = Vector3(1, 1, 1)
bones/13/rest = Transform3D(0.407426, 0.884524, 0.227204, -0.647747, 0.455272, -0.610862, -0.643761, 0.10171, 0.758437, 1.41789, 1.93354, 0.0471411)
bones/13/position = Vector3(0.273586, 3.77691, -0.0303454)
bones/13/rotation = Quaternion(-0.00565967, -0.00506518, -0.044801, 0.998967)
bones/14/rest = Transform3D(0.803907, 0.551725, 0.222111, -0.460039, 0.813522, -0.355731, -0.376958, 0.183795, 0.907811, 3.76576e-09, 0.448446, -9.19056e-09)
bones/14/rotation = Quaternion(0.0105019, -0.00693985, -0.691285, 0.722473)
bones/14/scale = Vector3(1, 1, 1)
bones/15/rest = Transform3D(0.999807, -0.0196382, 1.38837e-05, 0.0196381, 0.999801, -0.00338282, 5.25515e-05, 0.00338244, 0.999994, -1.0361e-08, 0.787267, -1.86265e-08)
bones/15/rotation = Quaternion(0.0016914, -9.68385e-06, 0.00981956, 0.99995)
bones/16/rest = Transform3D(0.984545, -0.162952, 0.0641628, -0.135579, -0.941115, -0.309712, 0.110853, 0.296226, -0.948663, -0.749482, -0.75349, 0.468602)
bones/16/rotation = Quaternion(0.984165, -0.0758336, 0.0444579, 0.153922)
bones/16/scale = Vector3(1, 1, 1)
bones/17/rest = Transform3D(0.994794, -0.024818, -0.0988425, 0.0296579, 0.998416, 0.0478015, 0.0974997, -0.0504841, 0.993954, 1.91387e-07, 0.928225, 8.19564e-08)
bones/17/rotation = Quaternion(-4.91855e-08, 4.04252e-08, 3.49246e-10, 1)
bones/18/rest = Transform3D(-0.575258, -0.165799, 0.800993, -0.0761369, -0.964138, -0.254249, 0.814421, -0.207244, 0.542005, -0.740221, -0.767915, -0.475941)
bones/18/rotation = Quaternion(0.460129, -0.13145, 0.877696, 0.025539)
bones/18/scale = Vector3(1, 1, 1)
bones/20/rest = Transform3D(0.892911, 0.442398, 0.0836258, -0.449623, 0.885847, 0.114519, -0.0234167, -0.139855, 0.989895, 0.877568, 1.89195, 0.448963)
bones/20/position = Vector3(0.65721, 1.81428, 0.240626)
bones/20/rotation = Quaternion(-0.0655164, 0.0275697, -0.229748, 0.970651)
bones/21/rest = Transform3D(0.601116, 0.301423, -0.740138, -0.754636, 0.518914, -0.401562, 0.263028, 0.79992, 0.539392, 9.12696e-08, 0.958192, -1.49012e-08)
bones/21/rotation = Quaternion(0.184109, -0.101983, -0.385868, 0.898226)
bones/21/scale = Vector3(1, 1, 1)
bones/22/rest = Transform3D(-0.447139, -0.879722, 0.16173, 0.891954, -0.452071, 0.00698941, 0.0669645, 0.147381, 0.986811, -0.929545, 1.10212, 0.825278)
bones/22/rotation = Quaternion(0.0673094, 0.0454343, 0.849415, 0.52144)
bones/22/scale = Vector3(1, 1, 1)
bones/24/rest = Transform3D(0.895841, 0.443352, 0.0301398, -0.439851, 0.894332, -0.0818613, -0.0632484, 0.0600777, 0.996188, 0.888714, 1.89624, -0.0829458)
bones/24/position = Vector3(0.668356, 1.81856, -0.291283)
bones/24/rotation = Quaternion(0.0364721, 0.0239967, -0.226944, 0.972929)
bones/25/rest = Transform3D(0.590428, 0.212192, -0.778697, -0.686197, 0.639899, -0.345923, 0.424885, 0.738583, 0.52342, 1.56462e-07, 0.958193, -2.98023e-08)
bones/25/rotation = Quaternion(0.141457, -0.168295, -0.367868, 0.903515)
bones/25/scale = Vector3(1, 1, 1)
bones/26/rest = Transform3D(-0.440973, -0.888928, -0.123894, 0.892604, -0.448787, 0.0429837, -0.0938115, -0.0916337, 0.991364, -0.923866, 1.05681, -0.926562)
bones/26/rotation = Quaternion(-0.0641296, -0.0143309, 0.848694, 0.524787)
bones/27/rest = Transform3D(0.999975, -0.00680268, -0.00180835, 0.00679501, 0.999968, -0.00421254, 0.00183695, 0.00420015, 0.999989, -1.49012e-07, 0.652426, 1.1269e-07)
bones/27/rotation = Quaternion(0.00210319, -0.000911333, 0.00339945, 0.999992)
bones/28/rest = Transform3D(0.984422, -0.17582, -2.38419e-07, -2.38419e-07, 5.96046e-08, -1, 0.17582, 0.984422, 0, 3.76576e-09, 0, -9.19056e-09)
bones/28/position = Vector3(-0.0175631, 0.194251, 0.00230987)
bones/28/rotation = Quaternion(0.704348, -0.0624055, 0.0624054, 0.704348)
bones/28/scale = Vector3(1, 1, 1)
bones/29/rest = Transform3D(0.563679, 0.288571, 0.773947, 0.122293, 0.897505, -0.423709, -0.816891, 0.333484, 0.470615, 2.62323e-08, 1.00076, -1.97435e-07)
bones/29/rotation = Quaternion(0.215397, -0.317878, -0.379062, 0.841944)
bones/30/rest = Transform3D(0.805744, 0.546956, 0.227189, -0.565606, 0.596826, 0.569111, 0.175687, -0.587057, 0.790251, 1.2666e-07, 1.10352, 3.72529e-07)
bones/30/rotation = Quaternion(-0.196753, 0.0371915, -0.143468, 0.969186)
bones/30/scale = Vector3(1, 1, 1)
bones/31/rest = Transform3D(0.981928, 0.178881, -0.0617943, -0.143435, 0.490406, -0.859609, -0.123464, 0.852938, 0.507201, -0.145267, 1.44456, 0.091833)
bones/31/rotation = Quaternion(0.496065, 0.0178635, -0.0933638, 0.863067)
bones/31/scale = Vector3(1, 1, 1)
bones/32/rotation = Quaternion(0.392998, 0.152719, -0.300391, 0.855567)
bones/33/rest = Transform3D(0.98248, 0.107992, -0.151888, -0.160673, 0.0778887, -0.983929, -0.0944259, 0.991096, 0.0938755, 0.123064, 1.11055, 0.114401)
bones/33/rotation = Quaternion(0.672814, -0.0195751, -0.0915237, 0.733867)
bones/34/rest = Transform3D(-0.977774, -0.209662, -5.96046e-07, 6.4075e-07, -1.19209e-07, -1, 0.209662, -0.977774, 2.98023e-07, 0.0305528, -0.00924563, -0.0190106)
bones/34/position = Vector3(0.0129896, 0.185005, -0.0167007)
bones/34/scale = Vector3(1, 1, 1)
bones/35/rest = Transform3D(-0.399332, -0.73246, -0.551395, -0.791686, 0.5788, -0.195508, 0.46235, 0.358459, -0.811012, -2.99563e-08, 1.00076, -3.09168e-07)
bones/35/rotation = Quaternion(-0.377477, 0.83392, 0.197523, -0.350818)
bones/35/scale = Vector3(1, 1, 1)
bones/36/rest = Transform3D(0.480534, 0.865884, 0.139038, -0.649745, 0.458002, -0.606684, -0.588998, 0.201193, 0.782689, 1.04308e-07, 1.15382, -6.63102e-07)
bones/36/rotation = Quaternion(0.235252, 0.0351132, -0.176231, 0.955179)
bones/36/scale = Vector3(1, 1, 1)
bones/37/rest = Transform3D(0.933014, 0.339387, -0.119592, -0.176326, 0.720912, 0.67022, 0.313679, -0.604237, 0.732463, -0.028985, 1.41237, -0.00580579)
bones/37/rotation = Quaternion(-0.34628, -0.117723, -0.140123, 0.920107)
bones/37/scale = Vector3(1, 1, 1)
bones/38/rest = Transform3D(0.87769, 0.479119, -0.0102753, -0.258876, 0.492056, 0.831182, 0.403291, -0.72686, 0.555905, 0.170743, 1.41372, 0.081448)
bones/38/rotation = Quaternion(-0.455447, -0.120894, -0.215731, 0.855227)
bones/39/rest = Transform3D(0.951324, 0.307905, -0.0132696, -0.142428, 0.47742, 0.867055, 0.273306, -0.822961, 0.498036, 0.286449, 0.987346, -0.0581151)
bones/39/rotation = Quaternion(-0.49393, -0.0837557, -0.131616, 0.855392)
bones/40/rest = Transform3D(0.41183, 0.880036, 0.236502, -0.64568, 0.464946, -0.605741, -0.643034, 0.0967572, 0.7597, -1.96241, 0.15758, -0.32777)
bones/40/position = Vector3(0, -0.0273535, 0)
bones/40/rotation = Quaternion(0, 0, 0, 1)

[node name="AnimationPlayer" parent="." index="1"]
autoplay = "Idle"

[node name="AnimationTree" type="AnimationTree" parent="." index="2"]
tree_root = SubResource("AnimationNodeBlendTree_xrcnq")
anim_player = NodePath("../AnimationPlayer")
parameters/AttackBlend/blend_amount = 0.0
parameters/DeathBlend/blend_amount = 0.0
parameters/RunBlend/blend_amount = 0.0
